1
45
235 384 655 60 389 483 131 607 664 218 223 178 704 33 513 249 419 985 82 627 990 286 881 558 718 221 299 739 970 506 283 205 889 289 616 630 772 747 588 435 316 810 964 19 194

12
610 805 423 864 536 750 646 945 154 478 489 197
-610 805 423 864 536 750 -646 945 -154 478 489 -197
-610 805 423 864 -536 750 646 945 -154 478 489 -197

20
648 571 521 748 745 967 662 677 370 294 355 285 125 273 618 734 287 365 342 1
648 571 -521 748 745 967 -662 677 370 -294 355 285 -125 273 618 734 -287 365 342 -1
648 571 521 748 -745 967 662 677 370 -294 355 285 -125 273 618 734 -287 365 342 -1
